0 1 3 3
1 2 3 3
2 3 3 3
3 4 2 2
4 5 1 1
5 6 1 1
6 7 1 1
7 8 _ _
8 9 3 3
9 10 4 4
10 11 1 1
11 12 2 2
12 13 _ _
13 14 3 3
14 15 2 2
15 16 1 1
16 17 _ _
17 18 n n
18 19 _ _
19 20 1 1
20 21 3 3
21 22 _ _
22 23 2 2
23 24 1 1
24 25 1 1
25 26 1 1
26 27 _ _
27 28 3 3
28 29 2 2
29 30 1 1
30 31 _ _
31 32 0 0
32 33 _ _
33 34 3 3
34 35 3 3
35 36 1 1
36 37 1 1
37 38 _ _
38 39 d d
39 40 9 9
40 41 _ _
41 42 j j
42 43 X X
43 44 n n
44 45 9 9
45 46 V V
46 47 r r
47 48 0 0
48 49 _ _
49 50 p p
50 51 9 9
51 52 l l
52 53 X X
53 54 s s
54 55 _ _
55 56 3 3
56 57 1 1
57 58 2 2
58 59 _ _
59 60 h h
60 61 _ _
61
